<!DOCTYPE HTML PUBLIC "-//W3C//DTD HTML 4.0 Transitional//EN">
<html>

<head>
    <meta charset="utf-8">
</head>

<body style="padding: 0;margin: 0;color: #000000;font-family: Calibri, Candara, Segoe, 'Segoe UI', Optima, Arial, sans-serif;min-width: 300px;">
    <div class="email-wrapper" style="margin: 0 auto;margin-top: 20px;max-width: 700px;background-color:  #FFF;padding: 15px;">
        <div class="email-wrapper__img" style="text-align: center;padding: 10px 0;">
            <svg width="255.000000pt" height="102.000000pt" viewBox="0 0 255.000000 102.000000">
                <g transform="translate(0.000000,102.000000) scale(0.100000,-0.100000)" fill="#000000" stroke="none">
                    <path style="fill:#8FB77E;" d="M535 966 c-210 -51 -353 -206 -302 -328 20 -47 67 -68 151 -68 37 0 66 -4 66 -10 0 -5 -6 -10 -12 -10 -27 0 -138 -60 -178 -96 -109 -99 -130 -260 -44 -348 45 -46 90 -59 185 -54 67 4 91 11 162 46 96 47 174 118 210 188 14 27 37 94 51 148 29 108 67 187 104 216 32 26 82 90 82 106 0 27 -29 13 -68 -31 l-40 -46 14 48 c8 26 12 62 9 79 -4 22 -1 35 11 45 23 19 45 74 38 94 -9 22 -50 29 -104 17 -36 -8 -55 -8 -86 3 -48 17 -181 18 -249 1z m239 -26 c15 -5 5 -14 -50 -44 -77 -42 -145 -93 -187 -140 -31 -35 -77 -118 -77 -140 0 -21 -82 -32 -130 -17 -44 13 -80 52 -80 88 0 52 55 126 138 182 103 71 291 105 386 71z m160 -42 l-16 -31 -28 29 c-15 16 -25 32 -21 36 11 11 46 15 64 6 16 -8 16 -11 1 -40z m-179 -10 c-16 -12 -64 -56 -106 -98 -125 -127 -180 -267 -133 -340 12 -19 8 -17 -14 7 -43 45 -50 101 -21 178 27 74 130 180 229 238 71 41 91 48 45 15z m110 -10 l27 -32 -28 -24 c-80 -65 -314 -205 -314 -187 0 13 51 84 96 134 52 58 158 141 179 141 7 0 25 -14 40 -32z m-545 -42 c0 -2 -8 -10 -17 -17 -16 -13 -17 -12 -4 4 13 16 21 21 21 13z m565 -117 c-13 -37 -14 -53 -6 -58 22 -14 -126 -173 -195 -209 -18 -10 -22 -7 -33 24 -15 41 -62 74 -108 74 -49 0 -32 33 30 59 68 29 188 100 262 155 53 40 60 43 63 25 2 -11 -4 -42 -13 -70z m65 -22 c-24 -23 -37 -33 -30 -22 25 36 63 75 69 70 3 -3 -15 -25 -39 -48z m-139 -262 c-15 -55 -37 -118 -49 -141 -31 -60 -115 -138 -192 -179 -82 -42 -101 -46 -39 -7 82 53 149 142 248 330 30 56 55 101 57 100 1 -2 -10 -48 -25 -103z m-221 66 c36 -26 54 -63 34 -74 -41 -23 -114 28 -114 80 0 22 3 24 28 19 15 -4 38 -15 52 -25z m-126 -14 c22 -55 69 -87 127 -87 l49 0 -15 -36 c-34 -81 -93 -132 -140 -120 -31 8 -41 34 -11 29 43 -9 76 55 40 75 -49 27 -110 -39 -86 -93 24 -52 94 -54 155 -4 36 30 77 100 77 135 1 11 18 30 43 46 23 15 53 35 67 45 21 16 18 6 -24 -72 -85 -158 -168 -260 -245 -299 -55 -29 -128 -39 -177 -26 -179 50 -133 317 72 420 51 25 52 25 68 -13z m-114 5 c-136 -90 -193 -278 -113 -373 23 -27 24 -30 6 -18 -12 7 -32 31 -44 53 -58 103 -5 248 120 328 47 30 74 39 31 10z m167 -168 c2 -7 -4 -19 -13 -28 -22 -23 -38 -15 -42 18 -3 25 -1 27 24 24 15 -2 29 -8 31 -14z"
                    />
                    <path style="fill:#8FB77E;" d="M1542 635 c-26 -36 -39 -45 -62 -45 -17 0 -30 -4 -30 -10 0 -5 9 -10 21 -10 24 0 25 1 -26 -73 l-39 -59 -22 58 c-24 66 -22 78 18 112 15 13 28 33 28 44 0 31 -41 18 -65 -21 -33 -56 -95 -119 -133 -138 -25 -12 -44 -32 -57 -60 -24 -49 -63 -93 -82 -93 -22 0 -8 33 58 142 32 53 59 99 59 102 0 3 -18 6 -40 6 -36 0 -41 -3 -66 -47 -72 -125 -141 -213 -168 -213 -17 0 0 42 58 143 36 61 64 113 63 114 -1 1 -22 -1 -45 -4 -41 -6 -43 -8 -89 -92 -53 -97 -62 -152 -28 -177 30 -22 52 -17 95 22 27 25 40 31 40 21 0 -23 28 -47 55 -47 13 0 37 12 54 26 26 21 32 23 37 10 15 -40 125 -39 180 1 l28 21 11 -21 c25 -50 73 -47 135 9 37 33 40 34 40 15 0 -32 44 -71 79 -71 17 0 51 15 81 35 62 42 90 45 90 11 0 -63 81 -94 165 -61 25 9 52 26 60 38 15 21 15 21 15 -11 0 -71 76 -94 159 -47 26 15 59 25 83 25 44 0 118 36 118 57 0 17 -1 17 -56 -12 -51 -27 -103 -36 -71 -12 34 25 67 81 67 114 0 27 -5 35 -27 44 -16 6 -46 8 -69 4 -56 -8 -156 -57 -181 -88 l-20 -26 -12 67 -12 66 47 41 c29 25 45 46 40 53 -14 24 -37 11 -109 -61 -51 -51 -84 -76 -106 -80 -18 -4 -46 -21 -62 -38 -41 -44 -53 -32 -19 20 61 90 29 146 -69 121 -72 -18 -101 -38 -197 -131 -88 -86 -132 -111 -121 -70 2 10 33 59 68 109 61 87 66 92 101 92 20 0 40 5 43 10 4 6 -7 10 -24 10 -17 0 -31 3 -31 6 0 3 14 24 31 45 l31 39 -30 0 c-17 0 -36 2 -44 5 -7 2 -27 -15 -46 -40z m-122 17 c0 -12 -49 -56 -55 -50 -7 7 34 58 46 58 5 0 9 -4 9 -8z m199 -11 c-8 -11 -53 -75 -101 -142 -54 -74 -88 -132 -88 -147 0 -21 -2 -22 -15 -12 -29 24 -17 64 46 156 99 143 118 164 146 164 23 0 24 -2 12 -19z m467 -77 c-15 -14 -31 -22 -35 -19 -3 4 7 18 23 31 15 14 31 22 35 19 3 -4 -7 -18 -23 -31z m-896 12 c0 -3 -23 -42 -52 -88 -28 -46 -57 -100 -63 -121 -10 -34 -13 -37 -24 -23 -21 25 -7 74 45 159 37 61 52 77 71 77 12 0 23 -2 23 -4z m-160 -10 c0 -1 -25 -46 -55 -99 -30 -52 -55 -107 -55 -121 0 -33 -18 -34 -30 -1 -11 30 -4 53 51 153 33 59 45 72 65 72 13 0 24 -2 24 -4z m665 -79 c-48 -48 -67 -75 -78 -112 -13 -46 -15 -48 -25 -28 -21 38 -14 71 24 112 26 30 121 91 140 91 1 0 -26 -28 -61 -63z m-355 4 c0 -53 -25 -99 -71 -134 -29 -21 -63 -17 -73 10 -8 20 8 38 55 61 23 11 34 24 34 39 1 18 39 73 52 73 2 0 3 -22 3 -49z m490 24 c0 -18 -5 -25 -20 -25 -29 0 -60 -39 -60 -77 0 -26 -7 -37 -37 -58 -38 -26 -77 -33 -88 -15 -10 15 21 75 62 120 70 78 143 106 143 55z m-450 -49 c6 -24 9 -53 5 -65 -8 -27 -55 -59 -97 -68 l-33 -6 33 28 c43 36 62 75 62 125 0 51 13 45 30 -14z m-111 10 c10 -11 7 -17 -11 -30 -12 -9 -27 -16 -32 -16 -5 0 -18 -7 -28 -17 -32 -29 -22 14 11 48 33 33 43 35 60 15z m740 -36 c-10 -61 -37 -102 -84 -124 -42 -20 -78 -7 -73 26 3 22 15 30 63 45 20 5 31 16 33 30 3 18 53 73 66 73 2 0 -1 -23 -5 -50z m-179 29 c0 -17 -52 -79 -61 -73 -15 9 -10 39 11 62 22 23 50 29 50 11z m216 -72 c6 -40 3 -49 -19 -71 -24 -24 -98 -51 -120 -43 -7 2 5 12 26 22 49 23 78 66 85 122 6 54 19 40 28 -30z m168 40 c-59 -41 -114 -110 -114 -143 0 -27 -15 -32 -24 -8 -23 61 10 114 98 155 82 39 99 37 40 -4z m119 11 c7 -22 -4 -38 -26 -38 -30 0 -67 -39 -67 -71 0 -51 -121 -101 -128 -53 -4 29 52 100 112 141 49 33 101 43 109 21z m-395 -25 c-2 -10 -19 -22 -39 -28 -20 -5 -44 -17 -54 -25 -17 -14 -17 -14 -2 17 19 36 42 52 75 53 17 0 23 -5 20 -17z m386 -32 c7 -11 -47 -71 -63 -71 -18 0 -12 32 11 57 22 24 43 29 52 14z"
                    />
                </g>
            </svg>
        </div>
        <div class="email-wrapper__content" style="margin: 0px 30px;background-color: #f4f4f4;padding: 15px;border-radius: 10px;">
            <span class="email-wrapper__index" style="font-size: 25px;color: #000000;">Ім'я: </span>
            <span class="email-wrapper__name">clientName</span>
            <br>
            <span class="email-wrapper__index" style="font-size: 25px;color: #000000;">Email: </span>
            <span class="email-wrapper__name">clientEmail</span>
            <br>
            <span class="email-wrapper__index" style="font-size: 25px;color: #000000;">Заголовок: </span>
            <span class="email-wrapper__name">clientSubject</span>
            <br>
            <span class="email-wrapper__index" style="font-size: 25px;color: #000000;">Повідомлення: </span>
            <span class="email-wrapper__name">clientMessage</span>
        </div>
    </div>
</body>

</html>